//Taken  from    atomicdata_2016.6.3  Seko
//Symbol  Z      Period  Group                m         kai_Pauling  kai_Allen  EA     IE1       Rvdw  Rcov  MP       BP      Cp_g    Cp_mol  rho     E-fusion  E-vapor  ThermalConductivity  Ratom  Mol-Vol
H         1      1       1                    1.0079    2.2          2.3        72.8   1312      1.1   0.32  14.01    20.28   14.304  28.836  0.0899  0.558     0.4581   0.001815             53     0.01121
He        2      1       18                   4.0026    nan          4.16       0      2372.3    1.4   0.37  nan      4.22    5.193   20.786  0.1785  0.02      0.084    0.00152              31     0.022424
Li        3      2       1                    6.941     0.98         0.912      59.6   520.2     1.82  1.3   453.69   1615    3.582   24.86   0.535   3         147.1    0.847                167    0.00001297
Be        4      2       2                    9.0122    1.57         1.576      0      899.5     1.53  0.99  1560     2743    1.825   16.443  1.848   7.95      297      2.01                 112    4.88E-06
B         5      2       13                   10.811    2.04         2.051      26.7   800.6     1.92  0.84  2348     4273    1.026   11.087  2.46    50        507.8    0.274                87     4.39E-06
C         6      2       14                   12.0107   2.55         2.544      153.9  1086.5    1.7   0.75  3823     4300    0.709   8.517   2.26    105       715      1.29                 67     5.31E-06
N         7      2       15                   14.0067   3.04         3.066      7      1402.3    1.55  0.71  63.05    77.36   1.04    29.124  1.251   0.36      2.7928   0.0002598            56     0.011196
O         8      2       16                   15.9994   3.44         3.61       141    1313.9    1.52  0.64  54.8     90.2    0.918   29.378  1.429   0.222     3.4109   0.0002674            48     0.011196
F         9      2       17                   18.9984   3.98         4.193      328    1681      1.47  0.6   53.5     85.03   0.824   31.304  1.696   0.26      3.2698   0.000279             42     0.011202
Ne        10     2       18                   20.1797   nan          4.789      0      2080.7    1.54  0.62  24.56    27.07   1.03    20.786  0.9     0.34      1.77     0.000493             38     0.02242
Na        11     3       1                    22.9897   0.93         0.869      52.8   495.8     2.27  1.6   370.87   1156    1.228   28.23   0.968   2.6       98.01    1.41                 190    0.00002375
Mg        12     3       2                    24.305    1.31         1.293      0      737.7     1.73  1.4   923      1363    1.023   24.869  1.738   8.7       127.6    1.56                 145    0.000013984
Al        13     3       13                   26.9815   1.61         1.613      42.5   577.5     1.84  1.24  933.47   2792    0.897   24.2    2.7     10.7      290.8    2.37                 118    0.00000999
Si        14     3       14                   28.0855   1.9          1.916      133.6  786.5     2.1   1.14  1687     3173    0.712   19.99   2.33    50.2      359      1.48                 111    0.000012054
P         15     3       15                   30.9738   2.19         2.253      72     1011.8    1.8   1.09  317.3    553.6   0.769   23.824  1.823   0.64      12.4     0.00235              98     0.000016991
S         16     3       16                   32.065    2.58         2.589      200    999.6     1.8   1.04  388.36   717.87  0.708   22.7    1.96    1.73      10       0.00269              88     0.00001636
Cl        17     3       17                   35.453    3.16         2.869      349    1251.2    1.75  1     171.6    239.11  0.479   33.949  3.214   3.2       10.2     0.000089             79     0.011031
Ar        18     3       18                   39.0983   nan          3.242      0      1520.6    1.88  1.01  83.8     87.3    0.52    20.786  1.784   1.18      6.506    0.0001772            71     0.022392
K         19     4       1                    39.948    0.82         0.734      48.4   418.8     2.75  2     336.53   1032    0.757   29.6    0.856   2.33      76.9     1.024                243    0.00004568
Ca        20     4       2                    40.078    1            1.034      2.37   589.8     2.31  1.74  1115     1757    0.647   25.929  1.55    8.54      154.67   2.01                 194    0.000025857
Sc        21     4       3                    44.9559   1.36         1.19       18.1   633.1     2.15  1.59  1814     3103    0.568   25.52   2.985   16        304.8    0.158                184    0.000015061
Ti        22     4       4                    47.867    1.54         1.38       7.6    658.8     2.11  1.48  1941     3560    0.524   25.06   4.507   18.7      425.2    0.219                176    0.000010621
V         23     4       5                    50.9415   1.63         1.53       50.6   650.9     2.07  1.44  2183     3680    0.489   24.89   6.11    22.8      446.7    0.307                171    8.34E-06
Cr        24     4       6                    51.9961   1.66         1.65       64.3   652.9     2.06  1.3   2180     2944    0.449   23.35   7.14    20.5      339.5    0.937                166    7.28E-06
Mn        25     4       7                    54.938    1.55         1.75       0      717.3     2.05  1.29  1519     2334    0.479   26.32   7.47    13.2      219.74   0.0782               161    7.35E-06
Fe        26     4       8                    55.845    1.83         1.8        15.7   762.5     2.04  1.24  1811     3134    0.449   25.1    7.874   13.8      349.5    0.802                156    7.09E-06
Co        27     4       9                    58.6934   1.88         1.84       63.7   760.4     2     1.18  1768     3200    0.421   24.81   8.9     16.2      373.3    1                    152    0.00000662
Ni        28     4       10                   58.9332   1.91         1.88       112    737.1     1.97  1.17  1728     3186    0.444   26.07   8.908   17.2      377.5    0.907                149    6.59E-06
Cu        29     4       11                   63.546    1.9          1.85       118.4  745.5     1.96  1.22  1357.77  3200    0.385   24.44   8.92    13.1      300.5    4.01                 145    0.000007124
Zn        30     4       12                   65.39     1.65         1.59       0      906.4     2.01  1.2   692.68   1180    0.388   25.39   7.14    7.35      115.3    1.16                 142    0.000009161
Ga        31     4       13                   69.723    1.81         1.756      28.9   578.8     1.87  1.23  302.91   2477    0.373   26.03   5.904   5.59      256.06   0.406                136    0.000011809
Ge        32     4       14                   72.64     2.01         1.994      119    762       2.11  1.2   1211.4   3093    0.32    23.222  5.323   31.8      334.3    0.599                125    0.000013646
As        33     4       15                   74.9216   2.18         2.211      78     947       1.85  1.2   1090     887     0.329   24.64   5.727   27.7      32.4     0.502                114    0.000013082
Se        34     4       16                   78.96     2.55         2.434      195    941       1.9   1.18  494      958     0.321   25.363  4.819   5.4       26.32    0.0204               103    0.000016385
Br        35     4       17                   79.904    2.96         2.685      324.6  1139.9    1.85  1.17  265.8    332     0.474   75.69   3.12    5.8       14.725   0.00122              94     0.00002561
Kr        36     4       18                   83.8      3            2.966      0      1350.8    2.02  1.16  115.79   119.93  0.248   20.786  3.75    1.64      9.029    0.0000949            88     0.02235
Rb        37     5       1                    85.4678   0.82         0.706      46.9   403       3.03  2.15  312.46   961     0.363   31.06   1.532   2.19      69.2     0.582                265    0.000055788
Sr        38     5       2                    87.62     0.95         0.963      5.03   549.5     2.49  1.9   1050     1655    0.306   26.79   2.63    8         136.9    0.353                219    0.000033316
Y         39     5       3                    88.9059   1.22         1.12       29.6   600       2.32  1.76  1799     3618    0.298   26.53   4.472   11.4      363.3    0.172                212    0.000019881
Zr        40     5       4                    91.224    1.33         1.32       41.1   640.1     2.23  1.64  2128     4682    0.278   25.36   6.511   21        590.5    0.227                206    0.000014011
Nb        41     5       5                    92.9064   1.6          1.41       86.1   652.1     2.18  1.56  2750     5017    0.265   24.6    8.57    26.8      690.1    0.537                198    0.000010841
Mo        42     5       6                    95.94     2.16         1.47       71.9   684.3     2.17  1.46  2896     4912    0.251   24.06   10.28   36        590.4    1.38                 190    0.000009333
Tc        43     5       7                    98        1.9          1.51       53     702       2.16  1.38  2430     4538    0.063   nan     11.5    23        502      0.506                183    0.000008522
Ru        44     5       8                    101.07    2.2          1.54       101.3  710.2     2.13  1.36  2607     4423    0.238   24.06   12.37   25.7      567.77   1.17                 178    8.17E-06
Rh        45     5       9                    102.9055  2.28         1.56       109.7  719.7     2.1   1.34  2237     3968    0.243   24.98   12.45   21.7      495.39   1.5                  173    8.27E-06
Pd        46     5       10                   106.42    2.2          1.59       53.7   804.4     2.1   1.3   1828.05  3236    0.244   25.98   12.023  16.7      393.3    0.718                169    8.85E-06
Ag        47     5       11                   107.8682  1.93         1.87       125.6  731       2.11  1.36  1234.93  2435    0.235   25.35   10.49   11.3      250.63   4.29                 165    0.000010283
Cd        48     5       12                   112.411   1.69         1.52       0      867.8     2.18  1.4   594.22   1040    0.231   26.02   8.65    6.3       99.87    0.968                161    0.000012995
In        49     5       13                   114.818   1.78         1.656      28.9   558.3     1.93  1.42  429.75   2345    0.233   26.74   7.31    3.26      226.35   0.816                156    0.000015707
Sn        50     5       14                   118.71    1.96         1.824      107.3  708.6     2.17  1.4   505.08   2875    0.227   26.99   7.31    7         290.37   0.666                145    0.000016239
Sb        51     5       15                   121.76    2.05         1.984      103.2  834       2.06  1.4   903.78   1860    0.207   25.23   6.697   19.7      67.97    0.243                133    0.000018181
Te        52     5       16                   126.9045  2.1          2.158      190.2  869.3     2.06  1.37  722.66   1261    0.202   25.73   6.24    17.5      50.63    0.0235               123    0.000020449
I         53     5       17                   127.6     2.66         2.359      295.2  1008.4    1.98  1.36  386.85   457.4   0.214   54.43   4.94    7.76      20.9     0.00449              115    0.000025689
Xe        54     5       18                   131.293   2.6          2.582      0      1170.4    2.16  1.36  161.3    165.1   0.158   20.786  5.9     2.3       12.64    0.0000569            108    0.0223
Cs        55     6       1                    132.9055  0.79         0.659      45.5   375.7     3.43  2.38  301.59   944     0.242   32.21   1.879   2.09      67.74    0.359                298    0.000070732
Ba        56     6       2                    137.327   0.89         0.881      13.95  502.9     2.68  2.06  1000     2143    0.204   28.07   3.51    8         140.2    0.184                253    0.000039125
La        57     6       3                    138.9055  1.1          nan        48     538.1     2.43  1.94  1193     3737    0.195   27.11   6.146   6.2       399.57   0.135                nan    0.000022601
Ce        58     6       3                    140.116   1.12         nan        50     534.4     2.42  1.84  1071     3633    0.192   26.94   6.689   5.5       313.8    0.114                nan    0.000020947
Pr        59     6       3                    140.9077  1.13         nan        50     527       2.4   1.9   1204     3563    0.193   27.2    6.64    6.9       332.63   0.125                247    0.000021221
Nd        60     6       3                    144.24    1.14         nan        50     533.1     2.39  1.88  1294     3373    0.19    27.45   7.01    7.1       283.68   0.165                206    0.000020576
Pm        61     6       3                    145       1.13         nan        50     540       2.38  1.86  1373     3273    nan     nan     7.264   7.7       290      0.179                205    0.000019961
Sm        62     6       3                    150.36    1.17         nan        50     544.5     2.36  1.85  1345     2076    0.196   29.54   7.353   8.6       191.63   0.133                238    0.000020449
Eu        63     6       3                    151.964   1.2          nan        50     547.1     2.35  1.83  1095     1800    0.182   27.66   5.244   9.2       175.73   0.139                231    0.000028979
Gd        64     6       3                    157.25    1.2          nan        50     593.4     2.34  1.82  1586     3523    0.235   37.03   7.901   10        311.71   0.106                233    0.000019903
Tb        65     6       3                    158.9253  1.1          nan        50     565.8     2.33  1.81  1629     3503    0.182   28.91   8.219   10.8      295      0.111                225    0.000019336
Dy        66     6       3                    162.5     1.22         nan        50     573       2.31  1.8   1685     2840    0.173   28.16   8.551   11.1      230      0.107                228    0.000019004
Ho        67     6       3                    164.9303  1.23         nan        50     581       2.3   1.79  1747     2973    0.165   27.15   8.795   17        251.04   0.162                226    0.000018753
Er        68     6       3                    167.259   1.24         nan        50     589.3     2.29  1.77  1770     3141    0.168   28.12   9.066   19.9      292.88   0.143                226    0.000018449
Tm        69     6       3                    168.9342  1.25         nan        50     596.7     2.27  1.77  1818     2223    0.16    27.03   9.321   16.8      191      0.168                222    0.000018124
Yb        70     6       3                    173.04    1.1          nan        50     603.4     2.26  1.78  1092     1469    0.155   26.74   6.57    7.7       128      0.349                222    0.000026338
Lu        71     6       3                    174.967   1.27         1.09       50     523.5     2.24  1.74  1936     3675    0.154   26.86   9.841   22        355      0.164                217    0.000017779
Hf        72     6       4                    178.49    1.3          1.16       0      658.5     2.23  1.64  2506     4876    0.144   25.73   13.31   25.5      661.07   0.23                 208    1.34E-05
Ta        73     6       5                    180.9479  1.5          1.34       31     761       2.22  1.58  3290     5731    0.14    25.36   16.65   36        737      0.575                200    1.09E-05
W         74     6       6                    183.84    2.36         1.47       78.6   770       2.18  1.5   3695     5828    0.132   24.27   19.25   35        422.58   1.74                 193    9.55E-06
Re        75     6       7                    186.207   1.9          1.6        14.5   760       2.16  1.41  3459     5869    0.137   25.48   21.02   33        707.1    0.479                188    8.86E-06
Os        76     6       8                    190.23    2.2          1.65       106.1  840       2.16  1.36  3306     5285    0.13    24.7    22.61   31        627.6    0.876                185    8.41E-06
Ir        77     6       9                    192.217   2.2          1.68       151    880       2.13  1.32  2739     4701    0.131   25.1    22.65   26        563.58   1.47                 180    8.49E-06
Pt        78     6       10                   195.078   2.28         1.72       205.3  870       2.13  1.3   2041.4   4098    0.133   25.86   21.09   20        510.45   0.716                177    9.25E-06
Au        79     6       11                   196.9665  2.54         1.92       222.8  890.1     2.14  1.3   1337.33  3129    0.129   25.418  19.3    12.5      324.43   3.17                 174    0.00001021
Hg        80     6       12                   200.59    2            1.76       0      1007.1    2.23  1.32  234.32   629.88  0.14    27.983  13.534  2.29      59.3     0.0834               171    1.48E-05
Tl        81     6       13                   204.3833  1.62         1.789      19.2   589.4     1.96  1.44  577      1746    0.129   26.32   11.85   4.2       162.09   0.461                156    1.72E-05
Pb        82     6       14                   207.2     2.33         1.854      35.1   715.6     2.02  1.45  600.61   2022    0.13    26.84   11.34   4.77      177.9    0.353                154    0.000018272
Bi        83     6       15                   208.9804  2.02         2.01       91.2   703       2.07  1.5   544.4    1837    0.122   25.52   9.78    10.9      179      0.0787               143    0.000021368
Po        84     6       16                   209       2            2.19       183.3  812.1     1.97  1.42  527      1235    nan     nan     9.196   13        120      0.2                  135    0.000022727
At        85     6       17                   210       2.2          2.39       270.1  920       2.02  1.48  575      nan     nan     nan     nan     6         30       0.017                127    nan
Rn        86     6       18                   222       2.2          2.6        0      1037      2.2   1.46  202      211.3   0.094   20.786  9.73    3         16.4     0.0000364            120    0.02282
Fr        87     7       1                    223       0.7          0.67       nan    380       3.48  2.42  nan      nan     nan     nan     nan     2         64       0.15                 nan    nan
Ra        88     7       2                    226       0.9          0.89       nan    509.3     2.83  2.11  973      2010    nan     nan     5       8         136.82   0.186                nan    0.0000452
Ac        89     7       3                    227       1.1          nan        nan    499       2.47  2.01  1323     3473    0.12    27.2    10.07   14        400      0.12                 nan    2.25E-05
Th        90     7       3                    231.0359  1.3          nan        nan    587       2.45  1.9   2023     5093    0.118   27.32   11.724  16        543.92   0.54                 nan    1.98E-05
Pa        91     7       3                    232.0381  1.5          nan        nan    568       2.43  1.84  1845     4273    nan     nan     15.37   15        470      0.47                 nan    1.50E-05
U         92     7       3                    237       1.38         nan        nan    597.6     2.41  1.83  1408     4200    0.116   27.665  19.05   14        422.58   0.276                nan    0.000012495
Np        93     7       3                    238.0289  1.36         nan        nan    604.5     2.39  1.8   917      4273    nan     nan     20.45   10        335      0.063                nan    1.16E-05
Pu        94     7       3                    243       1.28         nan        nan    584.7     2.43  1.8   913      3503    nan     nan     19.816  nan       325      0.0674               nan    1.23E-05
Am        95     7       3                    244       1.3          nan        nan    578       2.44  1.73  1449     2284    nan     nan     nan     nan       nan      0.1                  nan    nan
Cm        96     7       3                    247       1.3          nan        nan    581       2.45  1.68  1618     3383    nan     nan     13.51   nan       nan      0.1                  nan    1.83E-05
Bk        97     7       3                    247       1.3          nan        nan    601       2.44  1.68  1323     nan     nan     nan     14.78   nan       nan      0.1                  nan    1.67E-05
Cf        98     7       3                    251       1.3          nan        nan    608       2.45  1.68  1173     nan     nan     nan     15.1    nan       nan      0.1                  nan    0.00001662
Es        99     7       3                    252       1.3          nan        nan    619       2.45  1.65  1133     nan     nan     nan     nan     nan       nan      0.1                  nan    nan
Fm        100    7       3                    257       1.3          nan        nan    627       2.45  1.67  1800     nan     nan     nan     nan     nan       nan      0.1                  nan    nan
Md        101    7       3                    258       1.3          nan        nan    635       2.46  1.73  100      nan     nan     nan     nan     nan       nan      0.1                  nan    nan
No        102    7       3                    259       1.3          nan        nan    642       2.46  1.76  1100     nan     nan     nan     nan     nan       nan      0.1                  nan    nan
